140 20
11111111111111111111
11000000000000000101
11111111111111100000
11111111111111110000
11000000000000000111
00011111111111111111
00111111111111111111
10000000000000001111
11111111111111100000
11111111111111110000
11000000000000000111
00011111111111111111
00111111111111111111
10000000000000001111
11111111111111100000
11111111111111110000
11000000000000000111
00011111111111111111
00111111111111111111
10000000000000001111
11111111111111100000
11111111111111110000
11000000000000000111
00011111111111111111
00111111111111111111
10000000000000001111
11111111111111100000
11111111111111110000
11000000000000000111
00011111111111111111
00111111111111111111
10000000000000001111
11111111111111100000
11111111111111110000
11000000000000000111
00011111111111111111
00111111111111111111
10000000000000001111
11111111111111100000
11111111111111110000
11000000000000000111
00011111111111111111
00111111111111111111
10000000000000001111
11111111111111100000
11111111111111110000
11000000000000000111
00011111111111111111
00111111111111111111
10000000000000001111
11111111111111100000
11111111111111110000
11000000000000000111
00011111111111111111
00111111111111111111
10000000000000001111
11111111111111100000
11111111111111110000
11000000000000000111
00011111111111111111
00111111111111111111
10000000000000001111
11111111111111100000
11111111111111110000
11000000000000000111
00011111111111111111
00111111111111111111
10000000000000001111
11111111111111100000
11111111111111110000
11000000000000000111
00011111111111111111
00111111111111111111
10000000000000001111
11111111111111100000
11111111111111110000
11000000000000000111
00011111111111111111
00111111111111111111
10000000000000001111
11111111111111100000
11111111111111110000
11000000000000000111
00011111111111111111
00111111111111111111
10000000000000001111
11111111111111100000
11111111111111110000
11000000000000000111
00011111111111111111
00111111111111111111
10000000000000001111
11111111111111100000
11111111111111110000
11000000000000000111
00011111111111111111
00111111111111111111
10000000000000001111
11111111111111100000
11111111111111110000
11000000000000000111
00011111111111111111
00111111111111111111
10000000000000001111
11111111111111100000
11111111111111110000
11000000000000000111
00011111111111111111
00111111111111111111
10000000000000001111
11111111111111100000
11111111111111110000
11000000000000000111
00011111111111111111
00111111111111111111
10000000000000001111
11111111111111100000
11111111111111110000
11000000000000000111
00011111111111111111
00111111111111111111
10000000000000001111
11111111111111100000
11111111111111110000
11000000000000000111
00011111111111111111
00111111111111111111
10000000000000001111
11111111111111100000
11111111111111110000
11000000000000000111
00011111111111111111
00111111111111111111
10000000000000001111
11111111111111100000
11111111111111110000
11000000000000000111
00011111111111111111
00111111111111111111
10000000000000001111
4
2 3 140 2
8 1 7 3
1 1 10 20
2 1 1 1